time	V(n001)
0.000000000000000e+000	1.000000e+001
9.999999717180685e-010	1.000000e+001
1.999999943436137e-009	1.000000e+001
6.682461075072516e-003	9.821587e+000
1.336492015014509e-002	9.630691e+000
2.004737922521766e-002	9.427311e+000
2.672983830029023e-002	9.211448e+000
3.341229737536280e-002	8.983102e+000
4.009475645043538e-002	8.742273e+000
4.677721552550793e-002	8.488960e+000
5.677721552550794e-002	8.091526e+000
6.677721552550793e-002	7.671962e+000
7.677721552550793e-002	7.232471e+000
8.677721552550792e-002	6.775279e+000
9.677721552550792e-002	6.302627e+000
1.067772155255079e-001	5.816763e+000
1.167772155255079e-001	5.319930e+000
1.267772155255079e-001	4.814359e+000
1.367772155255079e-001	4.302262e+000
1.567772155255079e-001	3.267183e+000
1.767772155255080e-001	2.231663e+000
1.967772155255080e-001	1.211856e+000
2.067772155255080e-001	7.126154e-001
2.167772155255080e-001	2.228816e-001
2.267772155255080e-001	-2.556469e-001
2.367772155255080e-001	-7.213578e-001
2.467772155255080e-001	-1.172729e+000
2.567772155255080e-001	-1.608334e+000
2.667772155255080e-001	-2.026841e+000
2.767772155255081e-001	-2.427021e+000
2.867772155255081e-001	-2.807746e+000
2.967772155255081e-001	-3.167995e+000
3.067772155255081e-001	-3.506850e+000
3.167772155255081e-001	-3.823501e+000
3.267772155255081e-001	-4.117248e+000
3.367772155255081e-001	-4.387495e+000
3.467772155255081e-001	-4.633756e+000
3.567772155255081e-001	-4.855651e+000
3.767772155255081e-001	-5.225349e+000
3.967772155255082e-001	-5.495628e+000
4.167772155255082e-001	-5.667126e+000
4.267772155255082e-001	-5.716445e+000
4.367772155255082e-001	-5.741984e+000
4.467772155255082e-001	-5.744230e+000
4.567772155255082e-001	-5.723749e+000
4.667772155255082e-001	-5.681181e+000
4.767772155255082e-001	-5.617241e+000
4.867772155255082e-001	-5.532707e+000
4.967772155255082e-001	-5.428422e+000
5.067772155255083e-001	-5.305285e+000
5.167772155255083e-001	-5.164248e+000
5.267772155255083e-001	-5.006307e+000
5.367772155255083e-001	-4.832503e+000
5.467772155255083e-001	-4.643916e+000
5.567772155255083e-001	-4.441653e+000
5.667772155255083e-001	-4.226850e+000
5.767772155255083e-001	-4.000664e+000
5.867772155255083e-001	-3.764270e+000
5.967772155255083e-001	-3.518851e+000
6.067772155255083e-001	-3.265600e+000
6.167772155255084e-001	-3.005710e+000
6.267772155255084e-001	-2.740369e+000
6.367772155255084e-001	-2.470760e+000
6.567772155255084e-001	-1.923398e+000
6.767772155255084e-001	-1.372755e+000
6.967772155255084e-001	-8.275691e-001
7.067772155255084e-001	-5.596162e-001
7.167772155255084e-001	-2.960668e-001
7.267772155255085e-001	-3.785224e-002
7.367772155255085e-001	2.141398e-001
7.467772155255085e-001	4.590682e-001
7.567772155255085e-001	6.961408e-001
7.667772155255085e-001	9.246155e-001
7.767772155255085e-001	1.143803e+000
7.867772155255085e-001	1.353067e+000
7.967772155255085e-001	1.551826e+000
8.067772155255085e-001	1.739556e+000
8.167772155255085e-001	1.915787e+000
8.267772155255085e-001	2.080108e+000
8.367772155255085e-001	2.232164e+000
8.467772155255086e-001	2.371658e+000
8.567772155255086e-001	2.498348e+000
8.667772155255086e-001	2.612051e+000
8.867772155255086e-001	2.800038e+000
9.067772155255086e-001	2.935245e+000
9.267772155255086e-001	3.018137e+000
9.367772155255086e-001	3.040329e+000
9.467772155255086e-001	3.049974e+000
9.567772155255087e-001	3.047342e+000
9.667772155255087e-001	3.032748e+000
9.767772155255087e-001	3.006544e+000
9.867772155255087e-001	2.969120e+000
9.967772155255087e-001	2.920900e+000
1.006777215525509e+000	2.862341e+000
1.016777215525509e+000	2.793931e+000
1.026777215525509e+000	2.716180e+000
1.036777215525509e+000	2.629628e+000
1.046777215525509e+000	2.534833e+000
1.056777215525509e+000	2.432372e+000
1.066777215525509e+000	2.322839e+000
1.076777215525509e+000	2.206841e+000
1.086777215525509e+000	2.084994e+000
1.096777215525509e+000	1.957926e+000
1.106777215525509e+000	1.826265e+000
1.116777215525509e+000	1.690645e+000
1.126777215525509e+000	1.551699e+000
1.136777215525509e+000	1.410057e+000
1.146777215525509e+000	1.266344e+000
1.166777215525509e+000	9.751733e-001
1.186777215525509e+000	6.830046e-001
1.206777215525509e+000	3.944380e-001
1.216777215525509e+000	2.528678e-001
1.226777215525509e+000	1.137931e-001
1.236777215525509e+000	-2.229880e-002
1.246777215525509e+000	-1.549444e-001
1.256777215525509e+000	-2.837052e-001
1.266777215525509e+000	-4.081688e-001
1.276777215525509e+000	-5.279500e-001
1.286777215525509e+000	-6.426917e-001
1.296777215525509e+000	-7.520652e-001
1.306777215525509e+000	-8.557714e-001
1.316777215525509e+000	-9.535408e-001
1.326777215525509e+000	-1.045134e+000
1.336777215525509e+000	-1.130342e+000
1.346777215525509e+000	-1.208986e+000
1.356777215525509e+000	-1.280917e+000
1.366777215525509e+000	-1.346018e+000
1.386777215525509e+000	-1.455402e+000
1.406777215525509e+000	-1.536784e+000
1.426777215525509e+000	-1.590260e+000
1.436777215525509e+000	-1.606681e+000
1.446777215525509e+000	-1.616356e+000
1.456777215525509e+000	-1.619413e+000
1.466777215525509e+000	-1.616003e+000
1.476777215525509e+000	-1.606298e+000
1.486777215525509e+000	-1.590493e+000
1.496777215525509e+000	-1.568800e+000
1.506777215525509e+000	-1.541451e+000
1.516777215525509e+000	-1.508692e+000
1.526777215525509e+000	-1.470787e+000
1.536777215525509e+000	-1.428013e+000
1.546777215525509e+000	-1.380657e+000
1.556777215525509e+000	-1.329021e+000
1.566777215525509e+000	-1.273414e+000
1.576777215525509e+000	-1.214152e+000
1.586777215525509e+000	-1.151561e+000
1.596777215525509e+000	-1.085969e+000
1.606777215525509e+000	-1.017709e+000
1.616777215525509e+000	-9.471176e-001
1.626777215525509e+000	-8.745294e-001
1.636777215525509e+000	-8.002808e-001
1.646777215525509e+000	-7.247057e-001
1.656777215525509e+000	-6.481351e-001
1.676777215525509e+000	-4.933095e-001
1.696777215525509e+000	-3.383463e-001
1.716777215525509e+000	-1.856661e-001
1.726777215525509e+000	-1.108975e-001
1.736777215525509e+000	-3.753611e-002
1.746777215525509e+000	3.416307e-002
1.756777215525509e+000	1.039581e-001
1.766777215525509e+000	1.716205e-001
1.776777215525509e+000	2.369359e-001
1.786777215525509e+000	2.997043e-001
1.796777215525509e+000	3.597408e-001
1.806777215525509e+000	4.168760e-001
1.816777215525509e+000	4.709559e-001
1.826777215525509e+000	5.218424e-001
1.836777215525509e+000	5.694135e-001
1.846777215525509e+000	6.135633e-001
1.856777215525509e+000	6.542019e-001
1.866777215525509e+000	6.912556e-001
1.876777215525509e+000	7.246666e-001
1.896777215525509e+000	7.804080e-001
1.916777215525509e+000	8.212757e-001
1.936777215525509e+000	8.473579e-001
1.946777215525509e+000	8.549443e-001
1.956777215525509e+000	8.589691e-001
1.966777215525509e+000	8.595043e-001
1.976777215525509e+000	8.566338e-001
1.986777215525510e+000	8.504531e-001
1.996777215525510e+000	8.410682e-001
2.006777215525510e+000	8.285953e-001
2.016777215525509e+000	8.131597e-001
2.026777215525509e+000	7.948955e-001
2.036777215525509e+000	7.739446e-001
2.046777215525509e+000	7.504560e-001
2.056777215525508e+000	7.245851e-001
2.066777215525508e+000	6.964926e-001
2.076777215525508e+000	6.663443e-001
2.086777215525508e+000	6.343099e-001
2.096777215525508e+000	6.005625e-001
2.106777215525507e+000	5.652775e-001
2.116777215525507e+000	5.286320e-001
2.126777215525507e+000	4.908045e-001
2.136777215525507e+000	4.519731e-001
2.146777215525507e+000	4.123161e-001
2.156777215525506e+000	3.720103e-001
2.166777215525506e+000	3.312308e-001
2.186777215525506e+000	2.489383e-001
2.206777215525505e+000	1.667792e-001
2.226777215525505e+000	8.602698e-002
2.236777215525505e+000	4.655378e-002
2.246777215525504e+000	7.870900e-003
2.256777215525504e+000	-2.988848e-002
2.266777215525504e+000	-6.659810e-002
2.276777215525504e+000	-1.021390e-001
2.286777215525504e+000	-1.363997e-001
2.296777215525503e+000	-1.692767e-001
2.306777215525503e+000	-2.006741e-001
2.316777215525503e+000	-2.305048e-001
2.326777215525503e+000	-2.586896e-001
2.336777215525502e+000	-2.851578e-001
2.346777215525502e+000	-3.098473e-001
2.356777215525502e+000	-3.327047e-001
2.366777215525502e+000	-3.536848e-001
2.376777215525502e+000	-3.727512e-001
2.386777215525501e+000	-3.898759e-001
2.406777215525501e+000	-4.182297e-001
2.426777215525501e+000	-4.386865e-001
2.446777215525500e+000	-4.513125e-001
2.456777215525500e+000	-4.547423e-001
2.466777215525500e+000	-4.562927e-001
2.476777215525500e+000	-4.560039e-001
2.486777215525499e+000	-4.539224e-001
2.496777215525499e+000	-4.501006e-001
2.506777215525499e+000	-4.445966e-001
2.516777215525499e+000	-4.374737e-001
2.526777215525498e+000	-4.287998e-001
2.536777215525498e+000	-4.186475e-001
2.546777215525498e+000	-4.070933e-001
2.556777215525498e+000	-3.942176e-001
2.566777215525498e+000	-3.801035e-001
2.576777215525497e+000	-3.648376e-001
2.586777215525497e+000	-3.485083e-001
2.596777215525497e+000	-3.312065e-001
2.606777215525497e+000	-3.130243e-001
2.616777215525497e+000	-2.940554e-001
2.626777215525496e+000	-2.743939e-001
2.636777215525496e+000	-2.541345e-001
2.646777215525496e+000	-2.333721e-001
2.656777215525496e+000	-2.122009e-001
2.666777215525495e+000	-1.907146e-001
2.686777215525495e+000	-1.471655e-001
2.706777215525495e+000	-1.034468e-001
2.726777215525494e+000	-6.024772e-002
2.736777215525494e+000	-3.904725e-002
2.746777215525494e+000	-1.821583e-002
2.756777215525494e+000	2.173439e-003
2.766777215525493e+000	2.205099e-002
2.776777215525493e+000	4.135099e-002
2.786777215525493e+000	6.001152e-002
2.796777215525493e+000	7.797471e-002
2.806777215525492e+000	9.518686e-002
2.816777215525492e+000	1.115986e-001
2.826777215525492e+000	1.271648e-001
2.836777215525492e+000	1.418450e-001
2.846777215525492e+000	1.556032e-001
2.856777215525491e+000	1.684076e-001
2.866777215525491e+000	1.802314e-001
2.876777215525491e+000	1.910520e-001
2.886777215525491e+000	2.008515e-001
2.906777215525490e+000	2.173379e-001
2.926777215525490e+000	2.296350e-001
2.946777215525489e+000	2.377556e-001
2.956777215525489e+000	2.402714e-001
2.966777215525489e+000	2.417767e-001
2.976777215525489e+000	2.422907e-001
2.986777215525489e+000	2.418356e-001
2.996777215525488e+000	2.404373e-001
3.006777215525488e+000	2.381245e-001
3.016777215525488e+000	2.349289e-001
3.026777215525488e+000	2.308849e-001
3.036777215525488e+000	2.260293e-001
3.046777215525487e+000	2.204015e-001
3.056777215525487e+000	2.140427e-001
3.066777215525487e+000	2.069959e-001
3.076777215525487e+000	1.993061e-001
3.086777215525487e+000	1.910193e-001
3.096777215525486e+000	1.821831e-001
3.106777215525486e+000	1.728459e-001
3.116777215525486e+000	1.630569e-001
3.126777215525486e+000	1.528658e-001
3.136777215525485e+000	1.423229e-001
3.146777215525485e+000	1.314784e-001
3.156777215525485e+000	1.203826e-001
3.166777215525485e+000	1.090855e-001
3.176777215525485e+000	9.763653e-002
3.196777215525484e+000	7.447827e-002
3.216777215525484e+000	5.128866e-002
3.236777215525483e+000	2.843049e-002
3.246777215525483e+000	1.723292e-002
3.256777215525483e+000	6.243645e-003
3.266777215525483e+000	-4.499089e-003
3.276777215525482e+000	-1.495897e-002
3.286777215525482e+000	-2.510169e-002
3.296777215525482e+000	-3.489505e-002
3.306777215525482e+000	-4.430901e-002
3.316777215525482e+000	-5.331578e-002
3.326777215525481e+000	-6.188986e-002
3.336777215525481e+000	-7.000808e-002
3.346777215525481e+000	-7.764965e-002
3.356777215525481e+000	-8.479618e-002
3.366777215525481e+000	-9.143166e-002
3.376777215525480e+000	-9.754252e-002
3.386777215525480e+000	-1.031176e-001
3.396777215525480e+000	-1.081481e-001
3.416777215525479e+000	-1.165520e-001
3.436777215525479e+000	-1.227308e-001
3.456777215525479e+000	-1.266965e-001
3.466777215525478e+000	-1.278626e-001
3.476777215525478e+000	-1.284953e-001
3.486777215525478e+000	-1.286052e-001
3.496777215525478e+000	-1.282048e-001
3.506777215525478e+000	-1.273082e-001
3.516777215525477e+000	-1.259313e-001
3.526777215525477e+000	-1.240914e-001
3.536777215525477e+000	-1.218070e-001
3.546777215525477e+000	-1.190983e-001
3.556777215525476e+000	-1.159863e-001
3.566777215525476e+000	-1.124934e-001
3.576777215525476e+000	-1.086426e-001
3.586777215525476e+000	-1.044580e-001
3.596777215525476e+000	-9.996443e-002
3.606777215525475e+000	-9.518717e-002
3.616777215525475e+000	-9.015211e-002
3.626777215525475e+000	-8.488546e-002
3.636777215525475e+000	-7.941374e-002
3.646777215525475e+000	-7.376361e-002
3.656777215525474e+000	-6.796176e-002
3.666777215525474e+000	-6.203483e-002
3.676777215525474e+000	-5.600932e-002
3.686777215525474e+000	-4.991144e-002
3.706777215525473e+000	-3.760149e-002
3.726777215525473e+000	-2.530586e-002
3.746777215525472e+000	-1.321537e-002
3.756777215525472e+000	-7.303338e-003
3.766777215525472e+000	-1.508367e-003
3.776777215525472e+000	4.149556e-003
3.786777215525472e+000	9.651481e-003
3.796777215525471e+000	1.497954e-002
3.806777215525471e+000	2.011700e-002
3.816777215525471e+000	2.504829e-002
3.826777215525471e+000	2.975902e-002
3.836777215525471e+000	3.423604e-002
3.846777215525470e+000	3.846747e-002
3.856777215525470e+000	4.244264e-002
3.866777215525470e+000	4.615220e-002
3.876777215525470e+000	4.958807e-002
3.886777215525469e+000	5.274342e-002
3.896777215525469e+000	5.561274e-002
3.906777215525469e+000	5.819174e-002
3.926777215525469e+000	6.246801e-002
3.946777215525468e+000	6.556275e-002
3.966777215525468e+000	6.748534e-002
3.976777215525468e+000	6.801491e-002
3.986777215525467e+000	6.826296e-002
3.996777215525467e+000	6.823546e-002
4.006777215525467e+000	6.793933e-002
4.016777215525467e+000	6.738234e-002
4.026777215525467e+000	6.657314e-002
4.036777215525467e+000	6.552115e-002
4.046777215525466e+000	6.423651e-002
4.056777215525466e+000	6.273004e-002
4.066777215525466e+000	6.101315e-002
4.076777215525466e+000	5.909780e-002
4.086777215525466e+000	5.699647e-002
4.096777215525465e+000	5.472203e-002
4.106777215525465e+000	5.228774e-002
4.116777215525465e+000	4.970713e-002
4.126777215525465e+000	4.699401e-002
4.136777215525465e+000	4.416237e-002
4.146777215525464e+000	4.122629e-002
4.156777215525464e+000	3.819994e-002
4.166777215525464e+000	3.509751e-002
4.176777215525464e+000	3.193310e-002
4.186777215525463e+000	2.872074e-002
4.206777215525463e+000	2.220741e-002
4.226777215525463e+000	1.566564e-002
4.246777215525462e+000	9.198719e-003
4.256777215525462e+000	6.023939e-003
4.266777215525462e+000	2.903727e-003
4.276777215525462e+000	-1.509488e-004
4.286777215525461e+000	-3.129650e-003
4.296777215525461e+000	-6.022493e-003
4.306777215525461e+000	-8.820181e-003
4.316777215525461e+000	-1.151402e-002
4.326777215525461e+000	-1.409593e-002
4.336777215525460e+000	-1.655850e-002
4.346777215525460e+000	-1.889494e-002
4.356777215525460e+000	-2.109915e-002
4.366777215525460e+000	-2.316570e-002
4.376777215525459e+000	-2.508981e-002
4.386777215525459e+000	-2.686741e-002
4.396777215525459e+000	-2.849510e-002
4.406777215525459e+000	-2.997016e-002
4.426777215525458e+000	-3.245481e-002
4.446777215525458e+000	-3.431279e-002
4.466777215525458e+000	-3.554569e-002
4.476777215525457e+000	-3.593090e-002
4.486777215525457e+000	-3.616479e-002
4.496777215525457e+000	-3.625017e-002
4.506777215525457e+000	-3.619036e-002
4.516777215525456e+000	-3.598918e-002
4.526777215525456e+000	-3.565092e-002
4.536777215525456e+000	-3.518030e-002
4.546777215525456e+000	-3.458244e-002
4.556777215525456e+000	-3.386283e-002
4.566777215525455e+000	-3.302733e-002
4.576777215525455e+000	-3.208209e-002
4.586777215525455e+000	-3.103354e-002
4.596777215525455e+000	-2.988839e-002
4.606777215525455e+000	-2.865352e-002
4.616777215525454e+000	-2.733603e-002
4.626777215525454e+000	-2.594317e-002
4.636777215525454e+000	-2.448227e-002
4.646777215525454e+000	-2.296080e-002
4.656777215525453e+000	-2.138624e-002
4.666777215525453e+000	-1.976613e-002
4.676777215525453e+000	-1.810799e-002
4.686777215525453e+000	-1.641929e-002
4.696777215525453e+000	-1.470745e-002
4.716777215525452e+000	-1.124357e-002
4.736777215525452e+000	-7.773388e-003
4.756777215525451e+000	-4.351269e-003
4.766777215525451e+000	-2.674310e-003
4.776777215525451e+000	-1.028178e-003
4.786777215525451e+000	5.813910e-004
4.796777215525450e+000	2.148947e-003
4.806777215525450e+000	3.669338e-003
4.816777215525450e+000	5.137729e-003
4.826777215525450e+000	6.549606e-003
4.836777215525450e+000	7.900791e-003
4.846777215525449e+000	9.187450e-003
4.856777215525449e+000	1.040610e-002
4.866777215525449e+000	1.155360e-002
4.876777215525449e+000	1.262718e-002
4.886777215525449e+000	1.362443e-002
4.896777215525448e+000	1.454330e-002
4.906777215525448e+000	1.538209e-002
4.916777215525448e+000	1.613947e-002
4.936777215525448e+000	1.740643e-002
4.956777215525447e+000	1.834048e-002
4.976777215525447e+000	1.894331e-002
4.986777215525446e+000	1.912243e-002
4.996777215525446e+000	1.922166e-002
5.006777215525446e+000	1.924258e-002
5.016777215525446e+000	1.918702e-002
5.026777215525446e+000	1.905711e-002
5.036777215525445e+000	1.885519e-002
5.046777215525445e+000	1.858383e-002
5.056777215525445e+000	1.824581e-002
5.066777215525445e+000	1.784413e-002
5.076777215525445e+000	1.738192e-002
5.086777215525444e+000	1.686252e-002
5.096777215525444e+000	1.628937e-002
5.106777215525444e+000	1.566608e-002
5.116777215525444e+000	1.499633e-002
5.126777215525443e+000	1.428393e-002
5.136777215525443e+000	1.353272e-002
5.146777215525443e+000	1.274664e-002
5.156777215525443e+000	1.192964e-002
5.166777215525443e+000	1.108572e-002
5.176777215525442e+000	1.021888e-002
5.186777215525442e+000	9.333085e-003
5.196777215525442e+000	8.432315e-003
5.206777215525442e+000	7.520491e-003
5.226777215525441e+000	5.679102e-003
5.246777215525441e+000	3.839005e-003
5.266777215525440e+000	2.028801e-003
5.276777215525440e+000	1.143347e-003
5.286777215525440e+000	2.752307e-004
5.296777215525440e+000	-5.725498e-004
5.306777215525440e+000	-1.397150e-003
5.316777215525439e+000	-2.195887e-003
5.326777215525439e+000	-2.966247e-003
5.336777215525439e+000	-3.705889e-003
5.346777215525439e+000	-4.412653e-003
5.356777215525439e+000	-5.084559e-003
5.366777215525438e+000	-5.719816e-003
5.376777215525438e+000	-6.316822e-003
5.386777215525438e+000	-6.874163e-003
5.396777215525438e+000	-7.390619e-003
5.406777215525437e+000	-7.865161e-003
5.416777215525437e+000	-8.296948e-003
5.426777215525437e+000	-8.685333e-003
5.446777215525437e+000	-9.330231e-003
5.466777215525436e+000	-9.798354e-003
5.486777215525436e+000	-1.009102e-002
5.496777215525436e+000	-1.017271e-002
5.506777215525435e+000	-1.021224e-002
5.516777215525435e+000	-1.021048e-002
5.526777215525435e+000	-1.016846e-002
5.536777215525435e+000	-1.008735e-002
5.546777215525435e+000	-9.968421e-003
5.556777215525434e+000	-9.813084e-003
5.566777215525434e+000	-9.622850e-003
5.576777215525434e+000	-9.399327e-003
5.586777215525434e+000	-9.144223e-003
5.596777215525433e+000	-8.859321e-003
5.606777215525433e+000	-8.546485e-003
5.616777215525433e+000	-8.207634e-003
5.626777215525433e+000	-7.844750e-003
5.636777215525433e+000	-7.459858e-003
5.646777215525432e+000	-7.055020e-003
5.656777215525432e+000	-6.632327e-003
5.666777215525432e+000	-6.193887e-003
5.676777215525432e+000	-5.741819e-003
5.686777215525432e+000	-5.278244e-003
5.696777215525431e+000	-4.805275e-003
5.706777215525431e+000	-4.325012e-003
5.726777215525431e+000	-3.350873e-003
5.746777215525430e+000	-2.372020e-003
5.756777215525430e+000	-1.885696e-003
5.776777215525430e+000	-9.285120e-004
5.786777215525429e+000	-4.611606e-004
5.796777215525429e+000	-3.521652e-006
5.806777215525429e+000	4.428382e-004
5.816777215525429e+000	8.764354e-004
5.826777215525429e+000	1.295874e-003
5.836777215525428e+000	1.699847e-003
5.846777215525428e+000	2.087142e-003
5.856777215525428e+000	2.456642e-003
5.866777215525428e+000	2.807328e-003
5.876777215525427e+000	3.138280e-003
5.886777215525427e+000	3.448678e-003
5.896777215525427e+000	3.737805e-003
5.906777215525427e+000	4.005044e-003
5.916777215525427e+000	4.249881e-003
5.926777215525426e+000	4.471902e-003
5.946777215525426e+000	4.846343e-003
5.966777215525426e+000	5.127038e-003
5.986777215525425e+000	5.314185e-003
5.996777215525425e+000	5.376970e-003
6.000000000000000e+000	5.392920e-003
